% tag_file.m
% tag flags data that should be set to NaN
% integer part of the number means number of cast and 
% decimal part is the depth in meters, e.g.
% 138.136 138.137 means cast 136 depth range 136:137m
% should be set to NaNs; .999 means to the bottom
% t - temperature; c - conductivity; e - epsilon
    
tag.t=[188.0 188.170;
       353.0 353.003;
       354.0 354.004;
       356.0 356.010;
       357.0 357.009;
       361.0 361.010;
       364.0 364.011;
       542.135 542.999;
       543.135 543.999;
       544.135 544.999;
       545.135 545.999;
       551.131 551.999;
       1566.0 1566.180;
       1835.088 1835.150;
       1855.007 1855.016;
       2011.0 2011.073;
 ];
    
tag.mht=[75.0 75.030;
         76.0 76.120;
         188.0 188.170;
         296.076 296.099;
         329.038 329.038;
         329.062 329.067;
         340.0 344.023;
         542.135 542.999;
         543.135 543.999;
         544.135 544.999;
         545.135 545.999;
         546.0 546.999;
         551.0 551.080;
         785.0 786.078;
         786.089 786.089;
         788.033 788.037;
         797.0 797.046;
         849.120 849.178;
         915.0 912.017;
         1164.0 1165.999;
         1166.130 1166.999;
         1167.130 1167.999;
         1275.0 1275.004;
         1566.0 1566.180;
         1835.088 1835.150;
         1855.007 1855.016;
         1859.014 1859.031;
         1860.010 1860.018;
         2011.0 2011.073;
];
    
tag.c=[188.0 188.170;
       296.076   296.099;
       399.012 399.012;
       542.135 542.999;
       543.135 543.999;
       544.0     544.092;
       544.135 544.999;
       545.0     545.016;
       545.061   545.069;
       545.135 545.999;
       546.0     546.999;
       551.131 551.999;
       616.0142 616.142;
       740.018   740.018;
       786.0     786.079;
       786.089 786.089;
       786.097 786.113;
       788.062 788.062;
       788.069 788.069;
       797.134   797.135;
       802.023 802.028;
       803.161 803.161;
       805.028 805.033;
       808.138 808.149;
       821.181 821.184;
       837.139 837.139;
       847.050 847.064;
       1094.0 1094.007;
       1566.0 1566.180;
       1624.189 1624.190;
       1743.034  1743.043;
       1805.002 1802.002;
       1835.088 1835.150;
       1840.126 1840.129;
       1855.005 1855.015;
       1855.090 1855.100;
       1855.127 1855.127;
       1856.154 1856.999;
       1858.081 1858.085;
       1858.126 1858.126;
       1858.128 1858.129;
       1859.010 1859.031;
       1859.049 1859.051;
       1860.010 1860.020;
       2011.0 2011.073;
       2184.0 2184.005;
       2191.0 2191.999;
       2198.0 2198.007;
       2375.025 2375.027;
       2460.0 2460.999;
       2463.0 2463.999;
       2498.0 2498.001;
       2531.0 2531.001;
       2553.013 2553.013;
       2556.018 2556.018;
       2582.017 2582.017;
       2630.024 2630.999;
       2641.171 2641.999;
    ];
tag.sig=[35.0 35.004;
         67.0 67.007;
         543.064 543.064;
         788.033 788.037;
         1058.0 1058.001;
         1050.011 1050.011;
         1364.0 1364.001;
         1840.140 1840.141;
         1840.165 1840.166;
        ];
tag.n2=[16.002 16.002;
        16.004 16.004;
        46.0 46.003;
        62.0 62.002;
        65.0 65.002;
        85.041 85.041;
        95.196 95.196;
        127.002 127.002;
        129.002 129.002;
        192.004 192.004;
        296.0 296.024;
        298.055 298.055;
        299.042 299.042;
        299.063 299.063;
        340.002 340.002;
        369.002 369.002;
        394.002 394.002;
        397.002 397.002;
        398.002 398.002;
        399.002 399.002;
        545.053 545.053;
        545.070 545.081;
        594.189 594.189;
        617.140 617.140;
        728.195 728.195;
        749.095 749.095;
        795.111 795.111;
        795.194 795.194;
        807.061 807.061;
        819.055 819.055;
        821.199 821.200;
        853.087 853.087;
        879.074 879.074;
        892.060 892.060;
        867.187 867.188;
        952.024 952.024;
        974.070 974.070;
        991.066 991.066;
        991.080 991.080;
        1008.067 1008.067;
        1008.072 1008.072;
        1014.080 1014.080;
        1014.085 1014.085;
        1047.071 1047.072;
        1214.075 1214.075;
        1427.085 1427.085;
        1428.092 1428.092;
        1439.185 1439.185;
        1456.097 1456.097;
        1457.081 1457.081;
        1470.185 1470.185;
        1475.017 1475.017;
        1484.077 1484.077;
        1485.170 1485.170;
        1500.193 1500.194;
        1524.043 1524.043;
        1526.194 1526.194;
        1533.025 1533.025;
        1574.056 1574.056;
        1575.034 1575.035;
        1575.058 1575.058;
        1577.061 1577.062;
        1597.086 1597.086;
        1624.053 1624.053;
        1659.030 1659.030;
        1668.076 1668.076;
        1740.045 1740.045;
        1752.036 1752.036;
        1753.038 1753.038;
        1757.069 1757.069;
        1806.037 1806.037;
        1818.083 1818.083;
        1821.082 1821.082;
        1818.055 1818.070;
        1837.069 1837.069;
        1846.089 1846.089;
        1856.058 1856.069;
        1851.0 1851.003;
        1851.026 1851.026;
        1854.0 1854.003;
        1870.033 1870.033;
        1925.066 1925.066;
        1926.061 1926.063;
        1932.076 1932.077;
        1933.059 1933.059;
        1933.064 1933.066;
        1933.080 1933.080;
        1934.059 1934.060;
        1934.080 1934.081;
        1935.059 1935.059;
        2013.011 2013.011;
        2014.011 2014.012;
        2062.024 2062.024;
        2142.167 2142.999;
        2167.088 2167.088;
        2168.091 2168.091;
        2195.036 2195.036;
        2196.038 2196.038;
        2197.037 2197.037;
        2199.034 2199.034;
        2202.047 2202.047;
        2205.054 2207.055;
        2208.048 2208.048;
        2209.061 2209.062;
        2213.048 2213.048;
        2249.054 2249.054;
        2284.048 2284.048;
        2290.048 2290.048;
        2302.141 2302.141;
        2396.025 2396.025;
        2398.048 2398.049;
        2401.040 2401.040;
        2402.032 2402.032;
        2402.044 2402.044;
        2404.042 2404.042;
        2406.024 2406.024;
        2406.036 2406.036;
        2407.071 2407.071;
        2408.044 2408.044;
        2502.039 2502.039;
        2502.068 2502.070;
        2502.073 2502.073;
        2516.053 2516.054;
        2567.035 2567.035;
        2602.054 2602.054;
        2602.058 2602.059;
        2603.058 2603.058;
        2607.054 2607.075;
        2608.054 2608.054;
        2608.068 2608.068;
        2608.073 2608.073;
        2619.026 2619.027;
        2631.073 2631.073;
        2640.189 2640.999;
        2641.161 2641.999;
        2665.074 2665.074;
        2667.072 2667.072;
    ];
