function cham_to_do = get_cham_cnums_eq14
%
% Return a list of 'good' chameleon porfiles from EQ14 to process
% from run_eq14.m
%
%
cham_to_do =[4:12 14:46 48:87 374:519 550:597 599:904 906:909 911:1070 ...
             1075:1128 1130:1737 1739:2550 2552:2996 2998:3092];     
%